10 9.73e-08
20 7.8e-08
30 1.08e-07
40 1.48e-07
50 1.763e-07
60 2.042e-07
70 3.701e-07
80 4.586e-07
90 3.51899e-07
100 4.504e-07
110 3.405e-07
120 4.823e-07
130 4.156e-07
140 4.243e-07
150 4.455e-07
160 4.945e-07
170 5.352e-07
180 5.51e-07
190 5.787e-07
200 6.02499e-07
210 6.366e-07
220 6.368e-07
230 6.93799e-07
240 7.209e-07
250 7.496e-07
260 8.20399e-07
270 8.017e-07
280 8.232e-07
290 8.89899e-07
300 9.05e-07
310 1.2138e-06
320 9.788e-07
330 1.2112e-06
340 1.0285e-06
350 1.1837e-06
360 1.0745e-06
370 1.0784e-06
380 1.1282e-06
390 1.2563e-06
400 1.1415e-06
410 1.5888e-06
420 1.2821e-06
430 1.2741e-06
440 1.3717e-06
450 1.517e-06
460 1.6001e-06
470 1.3596e-06
480 1.3762e-06
490 1.767e-06
500 1.466e-06
510 1.5559e-06
520 1.4981e-06
530 1.506e-06
540 1.569e-06
550 1.5902e-06
560 1.6366e-06
570 1.9919e-06
580 1.7774e-06
590 1.7642e-06
600 1.7561e-06
610 1.8003e-06
620 1.8365e-06
630 1.8379e-06
640 2.1316e-06
650 1.8892e-06
660 1.9882e-06
670 2.0598e-06
680 1.9391e-06
690 2.0435e-06
700 1.9974e-06
710 2.257e-06
720 2.0939e-06
730 2.276e-06
740 2.1957e-06
750 2.1595e-06
760 2.1579e-06
770 2.3178e-06
780 2.3246e-06
790 2.3242e-06
800 2.3339e-06
810 2.606e-06
820 2.5089e-06
830 2.3825e-06
840 2.4475e-06
850 2.5849e-06
860 2.6389e-06
870 3.4376e-06
880 2.9951e-06
890 2.6788e-06
900 2.7114e-06
910 2.6429e-06
920 2.7077e-06
930 2.9309e-06
940 2.8145e-06
950 2.6298e-06
960 2.7414e-06
970 2.8546e-06
980 2.8784e-06
990 2.867e-06
1000 2.89e-06
1010 2.885e-06
1020 3.0317e-06
1030 3.9856e-06
1040 2.9411e-06
1050 3.0782e-06
1060 3.0978e-06
1070 3.4159e-06
1080 3.1593e-06
1090 3.1213e-06
1100 3.2268e-06
1110 3.4283e-06
1120 3.2764e-06
1130 3.3386e-06
1140 3.533e-06
1150 3.4833e-06
1160 3.256e-06
1170 3.5243e-06
1180 3.5873e-06
1190 3.6336e-06
1200 3.823e-06
1210 3.469e-06
1220 3.4339e-06
1230 3.5466e-06
1240 3.9164e-06
1250 3.6596e-06
1260 3.6364e-06
1270 3.7651e-06
1280 3.8651e-06
1290 3.7052e-06
1300 3.8153e-06
1310 3.7959e-06
1320 4.0065e-06
1330 3.7001e-06
1340 4.0992e-06
1350 4.149e-06
1360 4.0157e-06
1370 4.0618e-06
1380 3.9443e-06
1390 4.4485e-06
1400 3.9576e-06
1410 4.24e-06
1420 4.4645e-06
1430 4.1089e-06
1440 4.392e-06
1450 4.9631e-06
1460 4.7362e-06
1470 4.3778e-06
1480 4.2643e-06
1490 4.5228e-06
1500 4.7463e-06
1510 4.3889e-06
1520 4.4622e-06
1530 4.6129e-06
1540 4.3343e-06
1550 4.4377e-06
1560 4.517e-06
1570 4.6306e-06
1580 4.4833e-06
1590 4.755e-06
1600 4.4923e-06
1610 4.6203e-06
1620 4.9276e-06
1630 4.6498e-06
1640 4.6866e-06
1650 5.0261e-06
1660 4.8038e-06
1670 4.7535e-06
1680 5.0812e-06
1690 4.7671e-06
1700 5.163e-06
1710 5.1237e-06
1720 4.9883e-06
1730 4.991e-06
1740 5.0686e-06
1750 5.0203e-06
1760 5.0775e-06
1770 5.4416e-06
1780 4.955e-06
1790 5.3295e-06
1800 5.321e-06
1810 5.1912e-06
1820 5.574e-06
1830 5.4931e-06
1840 5.5301e-06
1850 5.2601e-06
1860 5.4497e-06
1870 5.4963e-06
1880 5.3682e-06
1890 5.609e-06
1900 5.3998e-06
1910 6.2611e-06
1920 5.7124e-06
1930 5.6868e-06
1940 5.927e-06
1950 5.8112e-06
1960 5.89e-06
1970 5.7988e-06
1980 5.7499e-06
1990 5.8931e-06
2000 5.9862e-06
2010 5.6767e-06
2020 6.2951e-06
2030 5.8394e-06
2040 6.129e-06
2050 5.7811e-06
2060 5.9852e-06
2070 6.3078e-06
2080 6.043e-06
2090 6.1818e-06
2100 6.0106e-06
2110 6.0961e-06
2120 6.3167e-06
2130 6.1279e-06
2140 6.5082e-06
2150 6.2857e-06
2160 6.3929e-06
2170 6.02e-06
2180 6.3081e-06
2190 6.5194e-06
2200 6.3961e-06
2210 7.318e-06
2220 6.6823e-06
2230 6.3648e-06
2240 6.2499e-06
2250 6.6522e-06
2260 6.8949e-06
2270 6.5332e-06
2280 7.4315e-06
2290 7.1118e-06
2300 6.8557e-06
2310 6.8244e-06
2320 6.8015e-06
2330 7.0098e-06
2340 6.7618e-06
2350 6.8684e-06
2360 6.7753e-06
2370 7.0955e-06
2380 7.3238e-06
2390 6.9296e-06
2400 7.3082e-06
2410 7.314e-06
2420 7.2977e-06
2430 7.3437e-06
2440 7.1931e-06
2450 6.9271e-06
2460 7.2252e-06
2470 7.1e-06
2480 7.4549e-06
2490 7.3348e-06
2500 7.4355e-06
2510 7.1126e-06
2520 7.5671e-06
2530 7.0132e-06
2540 7.7617e-06
2550 7.3749e-06
2560 8.139e-06
2570 7.4169e-06
2580 7.6268e-06
2590 7.3525e-06
2600 8.2874e-06
2610 7.7798e-06
2620 7.6139e-06
2630 7.9075e-06
2640 7.6852e-06
2650 7.5219e-06
2660 7.7063e-06
2670 7.7359e-06
2680 7.7779e-06
2690 7.744e-06
2700 7.8755e-06
2710 7.7319e-06
2720 8.4993e-06
2730 8.3854e-06
2740 8.4021e-06
2750 8.2533e-06
2760 8.3133e-06
2770 8.183e-06
2780 8.3758e-06
2790 7.8324e-06
2800 7.9963e-06
2810 8.2083e-06
2820 8.0691e-06
2830 8.4364e-06
2840 8.5387e-06
2850 8.6799e-06
2860 8.2742e-06
2870 8.2639e-06
2880 7.9412e-06
2890 9.996e-06
2900 8.9268e-06
2910 8.7038e-06
2920 8.8027e-06
2930 8.7006e-06
2940 8.7762e-06
2950 8.7739e-06
2960 8.5517e-06
2970 8.7888e-06
2980 8.6417e-06
2990 8.7116e-06
3000 9.072e-06
3010 8.7706e-06
3020 8.8291e-06
3030 8.9582e-06
3040 9.005e-06
3050 9.4094e-06
3060 8.8877e-06
3070 9.5558e-06
3080 9.314e-06
3090 8.8863e-06
3100 9.6067e-06
3110 9.3705e-06
3120 9.0362e-06
3130 9.1011e-06
3140 8.7332e-06
3150 9.6924e-06
3160 9.2915e-06
3170 9.8065e-06
3180 9.5378e-06
3190 8.8864e-06
3200 9.7145e-06
3210 8.9816e-06
3220 9.9384e-06
3230 9.9866e-06
3240 1.03161e-05
3250 9.6387e-06
3260 9.5893e-06
3270 9.8559e-06
3280 9.7186e-06
3290 9.8311e-06
3300 9.6265e-06
3310 1.00001e-05
3320 9.8331e-06
3330 1.01047e-05
3340 1.00133e-05
3350 9.7122e-06
3360 9.9556e-06
3370 9.9474e-06
3380 9.983e-06
3390 1.1434e-05
3400 1.01479e-05
3410 1.05178e-05
3420 1.06869e-05
3430 1.10708e-05
3440 1.14167e-05
3450 1.19477e-05
3460 1.13538e-05
3470 1.13451e-05
3480 1.03883e-05
3490 1.06972e-05
3500 1.08967e-05
3510 1.07684e-05
3520 1.06147e-05
3530 1.08929e-05
3540 1.06617e-05
3550 1.04739e-05
3560 1.0547e-05
3570 1.0189e-05
3580 1.04279e-05
3590 1.05094e-05
3600 1.07902e-05
3610 1.17859e-05
3620 1.09269e-05
3630 1.05502e-05
3640 1.07859e-05
3650 1.07688e-05
3660 1.06656e-05
3670 1.02884e-05
3680 1.08497e-05
3690 1.05732e-05
3700 1.08359e-05
3710 1.12635e-05
3720 1.09192e-05
3730 1.0712e-05
3740 1.06737e-05
3750 1.13154e-05
3760 1.12195e-05
3770 1.1161e-05
3780 1.06809e-05
3790 1.08687e-05
3800 1.10432e-05
3810 1.1238e-05
3820 1.12095e-05
3830 1.13734e-05
3840 1.11865e-05
3850 1.10562e-05
3860 1.11606e-05
3870 1.11624e-05
3880 1.15143e-05
3890 1.15978e-05
3900 1.13236e-05
3910 1.12225e-05
3920 1.1729e-05
3930 1.11103e-05
3940 1.16887e-05
3950 1.15073e-05
3960 1.16737e-05
3970 1.1611e-05
3980 1.13021e-05
3990 1.16502e-05
4000 1.16303e-05
4010 1.15492e-05
4020 1.14305e-05
4030 1.18818e-05
4040 1.20346e-05
4050 1.17693e-05
4060 1.16988e-05
4070 1.2129e-05
4080 1.15599e-05
4090 1.14448e-05
4100 1.20584e-05
4110 1.20226e-05
4120 1.18408e-05
4130 1.22618e-05
4140 1.19944e-05
4150 1.22135e-05
4160 1.21367e-05
4170 1.25346e-05
4180 1.25563e-05
4190 1.25771e-05
4200 1.2217e-05
4210 1.18212e-05
4220 1.22601e-05
4230 1.25798e-05
4240 1.27219e-05
4250 1.2591e-05
4260 1.24387e-05
4270 1.21203e-05
4280 1.26938e-05
4290 1.25502e-05
4300 1.32352e-05
4310 1.21742e-05
4320 1.2399e-05
4330 1.27352e-05
4340 1.28336e-05
4350 1.27672e-05
4360 1.33825e-05
4370 1.2736e-05
4380 1.23136e-05
4390 1.23668e-05
4400 1.30647e-05
4410 1.25297e-05
4420 1.39717e-05
4430 1.28179e-05
4440 1.27834e-05
4450 1.27086e-05
4460 1.26016e-05
4470 1.32301e-05
4480 1.27529e-05
4490 1.32725e-05
4500 1.33254e-05
4510 1.31232e-05
4520 1.33853e-05
4530 1.28845e-05
4540 1.33739e-05
4550 1.31189e-05
4560 1.34634e-05
4570 1.32489e-05
4580 1.31029e-05
4590 1.39038e-05
4600 1.36419e-05
4610 1.41218e-05
4620 1.36986e-05
4630 1.31406e-05
4640 1.37826e-05
4650 1.35482e-05
4660 1.34063e-05
4670 1.40611e-05
4680 1.41771e-05
4690 1.35893e-05
4700 1.3637e-05
4710 1.38656e-05
4720 1.37097e-05
4730 1.37768e-05
4740 1.36237e-05
4750 1.39259e-05
4760 1.39841e-05
4770 1.50633e-05
4780 1.39684e-05
4790 1.36236e-05
4800 1.37085e-05
4810 1.4196e-05
4820 1.40883e-05
4830 1.41972e-05
4840 1.4432e-05
4850 1.4057e-05
4860 1.38169e-05
4870 1.40714e-05
4880 1.39347e-05
4890 1.45987e-05
4900 1.45872e-05
4910 1.4471e-05
4920 1.43773e-05
4930 1.4358e-05
4940 1.56401e-05
4950 1.46792e-05
4960 1.43478e-05
4970 1.40684e-05
4980 1.46518e-05
4990 1.50093e-05
5000 1.45229e-05
