10 6.43137e-05
20 6.96933e-05
30 7.46662e-05
40 8.44191e-05
50 7.72636e-05
60 7.60767e-05
70 8.32305e-05
80 8.43681e-05
90 8.8555e-05
100 8.38639e-05
110 8.63434e-05
120 0.000245755
130 9.67052e-05
140 0.000105512
150 0.000136538
160 0.000133467
170 9.31177e-05
180 0.000154312
190 9.84255e-05
200 9.01414e-05
210 9.85187e-05
220 0.000100287
230 9.56437e-05
240 9.87674e-05
250 0.000100472
260 9.51524e-05
270 9.56611e-05
280 9.63285e-05
290 9.51525e-05
300 9.60355e-05
310 9.83391e-05
320 9.88972e-05
330 9.88179e-05
340 0.000131841
350 0.000100965
360 0.000110116
370 9.34459e-05
380 0.000245778
390 9.67534e-05
400 9.93411e-05
410 0.000123841
420 9.91439e-05
430 0.00010032
440 0.000107859
450 0.000101521
460 0.000101131
470 0.000101654
480 0.00010113
490 0.000102802
500 0.000100749
510 9.95883e-05
520 0.00010059
530 9.96801e-05
540 0.000103283
550 0.000103735
560 0.000101305
570 0.000104438
580 0.000104007
590 0.000116208
600 0.000103449
610 0.000105518
620 0.000105209
630 0.000103854
640 0.000107895
650 0.00010698
660 0.000105799
670 0.000107938
680 0.000108186
690 0.000103814
700 0.000103848
710 0.000108514
720 0.000133394
730 0.000108359
740 0.000105225
750 0.000107909
760 0.000102705
770 0.000104435
780 0.000110388
790 0.000103964
800 0.000107133
810 0.000109346
820 0.000110413
830 0.000106498
840 0.000110949
850 0.000105892
860 0.000106222
870 0.000107946
880 0.000106726
890 0.000116668
900 0.00010615
910 0.000107642
920 0.00011009
930 0.000111311
940 0.000115834
950 0.000110731
960 0.000110198
970 0.000194662
980 0.000111093
990 0.000108654
1000 0.000109258
1010 0.000112025
1020 0.000109118
1030 0.000118798
1040 0.000111375
1050 0.000109001
1060 0.00011829
1070 0.000113583
1080 0.000121873
1090 0.000119001
1100 0.000131213
1110 0.000110933
1120 0.000120036
1130 0.000112184
1140 0.000108264
1150 0.00010923
1160 0.000110996
1170 0.000114083
1180 0.000110954
1190 0.000107885
1200 0.000112398
1210 0.000111523
1220 0.000108979
1230 0.000113994
1240 0.000110013
1250 0.000115499
1260 0.000118937
1270 0.00011279
1280 0.000109552
1290 0.000115707
1300 0.00011248
1310 0.000109333
1320 0.000132583
1330 0.000123313
1340 0.000114379
1350 0.000113247
1360 0.000111291
1370 0.000109622
1380 0.000121073
1390 0.000112686
1400 0.000113792
1410 0.000111435
1420 0.000115852
1430 0.000121885
1440 0.000115602
1450 0.000116121
1460 0.000111648
1470 0.000113529
1480 0.000115253
1490 0.000110842
1500 0.000116762
1510 0.000118087
1520 0.000111609
1530 0.00011294
1540 0.000116056
1550 0.000112339
1560 0.00011498
1570 0.000112952
1580 0.000120504
1590 0.00011556
1600 0.000114443
1610 0.000114797
1620 0.000113626
1630 0.000121691
1640 0.000116884
1650 0.000116951
1660 0.000114556
1670 0.00011445
1680 0.000113984
1690 0.000112046
1700 0.00010936
1710 0.000120014
1720 0.000122621
1730 0.00011366
1740 0.000117986
1750 0.000204198
1760 0.000118054
1770 0.000117509
1780 0.000114528
1790 0.000115753
1800 0.000113743
1810 0.000114516
1820 0.000117488
1830 0.000115324
1840 0.000116499
1850 0.000116674
1860 0.000115018
1870 0.000113606
1880 0.000114392
1890 0.000114072
1900 0.000115381
1910 0.000116712
1920 0.00011699
1930 0.00011516
1940 0.000113834
1950 0.000111558
1960 0.000114348
1970 0.000113527
1980 0.000111587
1990 0.000114916
2000 0.00012381
2010 0.000118133
2020 0.000122768
2030 0.000119334
2040 0.000116955
2050 0.000118238
2060 0.00011896
2070 0.000118694
2080 0.000118999
2090 0.000115139
2100 0.000124567
2110 0.000118955
2120 0.000117699
2130 0.000117889
2140 0.000118694
2150 0.000115416
2160 0.000130271
2170 0.000115172
2180 0.000116722
2190 0.000118247
2200 0.0001183
2210 0.000119171
2220 0.000124403
2230 0.00012572
2240 0.000120512
2250 0.000120155
2260 0.000119633
2270 0.000116182
2280 0.000123926
2290 0.000125629
2300 0.000125572
2310 0.000119427
2320 0.00012534
2330 0.000126472
2340 0.00012216
2350 0.000117937
2360 0.000269892
2370 0.000127241
2380 0.000118531
2390 0.000120634
2400 0.000119911
2410 0.000118328
2420 0.000124222
2430 0.000125786
2440 0.000120895
2450 0.000118048
2460 0.00012357
2470 0.000119223
2480 0.000112474
2490 0.000119815
2500 0.000128697
2510 0.000119352
2520 0.00012669
2530 0.000128534
2540 0.000120363
2550 0.000119899
2560 0.000119176
2570 0.000117623
2580 0.000139318
2590 0.00012532
2600 0.000120289
2610 0.000120973
2620 0.00012254
2630 0.000126087
2640 0.00012569
2650 0.00012424
2660 0.000118376
2670 0.000119989
2680 0.000119581
2690 0.00012273
2700 0.000122908
2710 0.000118716
2720 0.000132638
2730 0.000119042
2740 0.000127514
2750 0.000124415
2760 0.000117178
2770 0.000117432
2780 0.000119956
2790 0.000125359
2800 0.000119762
2810 0.000115779
2820 0.000118658
2830 0.000119676
2840 0.000120029
2850 0.000119365
2860 0.000138135
2870 0.000121913
2880 0.000123119
2890 0.000118826
2900 0.000122735
2910 0.000120283
2920 0.000119618
2930 0.000118663
2940 0.000127889
2950 0.000114579
2960 0.000122874
2970 0.000125641
2980 0.000119435
2990 0.000120963
3000 0.000131014
3010 0.000119995
3020 0.000123286
3030 0.000119882
3040 0.000122639
3050 0.000121438
3060 0.000122696
3070 0.000118719
3080 0.000128065
3090 0.000121155
3100 0.000120628
3110 0.000117689
3120 0.000119325
3130 0.000132035
3140 0.000136749
3150 0.000120983
3160 0.000141575
3170 0.00012277
3180 0.000115623
3190 0.000122517
3200 0.000121157
3210 0.000120889
3220 0.000119518
3230 0.000121784
3240 0.000120438
3250 0.000119642
3260 0.000128228
3270 0.000129929
3280 0.000156103
3290 0.00012149
3300 0.000127423
3310 0.000128879
3320 0.000127469
3330 0.000125907
3340 0.000123478
3350 0.000120594
3360 0.000124669
3370 0.000120592
3380 0.0001254
3390 0.000122789
3400 0.000120338
3410 0.000135536
3420 0.000120568
3430 0.000120939
3440 0.000121202
3450 0.000120216
3460 0.000120165
3470 0.000122145
3480 0.000119732
3490 0.000120864
3500 0.000123349
3510 0.000120736
3520 0.000122671
3530 0.000120171
3540 0.000132873
3550 0.000121839
3560 0.000120779
3570 0.000126783
3580 0.000130361
3590 0.000130893
3600 0.000119928
3610 0.000122892
3620 0.000125536
3630 0.000120951
3640 0.000122162
3650 0.000117525
3660 0.000123533
3670 0.000133323
3680 0.000121046
3690 0.000119574
3700 0.000120224
3710 0.000119102
3720 0.000143873
3730 0.000129586
3740 0.000124903
3750 0.000162522
3760 0.00014919
3770 0.000121598
3780 0.00014667
3790 0.000120989
3800 0.000122296
3810 0.000123626
3820 0.000123145
3830 0.000122315
3840 0.000128687
3850 0.000131112
3860 0.000120823
3870 0.000128688
3880 0.000116164
3890 0.00013027
3900 0.000121351
3910 0.000132951
3920 0.000149628
3930 0.000119734
3940 0.000134284
3950 0.000121281
3960 0.000127795
3970 0.00013087
3980 0.000136298
3990 0.000239331
4000 0.000126213
4010 0.000118276
4020 0.000129258
4030 0.000163548
4040 0.000130029
4050 0.000126423
4060 0.00011833
4070 0.000130859
4080 0.000124435
4090 0.000119403
4100 0.000130127
4110 0.000126226
4120 0.000118881
4130 0.000122514
4140 0.00012767
4150 0.00011876
4160 0.000129856
4170 0.000121858
4180 0.000127652
4190 0.00012213
4200 0.000130534
4210 0.000120851
4220 0.000127304
4230 0.000121675
4240 0.000121091
4250 0.00012149
4260 0.000118292
4270 0.000137239
4280 0.00012054
4290 0.000130982
4300 0.000123293
4310 0.000137253
4320 0.000132852
4330 0.000124523
4340 0.000120626
4350 0.000122796
4360 0.000137144
4370 0.000124956
4380 0.000131395
4390 0.000136409
4400 0.000125803
4410 0.00012408
4420 0.000133786
4430 0.000142365
4440 0.000125021
4450 0.00012479
4460 0.000128879
4470 0.000124251
4480 0.000135617
4490 0.000126711
4500 0.000137157
4510 0.000135194
4520 0.000130541
4530 0.000124797
4540 0.000124712
4550 0.000128272
4560 0.000127551
4570 0.000132606
4580 0.000127762
4590 0.000126058
4600 0.000125499
4610 0.000244914
4620 0.000135204
4630 0.000133414
4640 0.000128459
4650 0.000126906
4660 0.000128129
4670 0.000131496
4680 0.000125504
4690 0.000127454
4700 0.000127567
4710 0.000127999
4720 0.000128396
4730 0.000125791
4740 0.000126409
4750 0.000125368
4760 0.000135795
4770 0.000133837
4780 0.000127024
4790 0.000128264
4800 0.000132948
4810 0.000128188
4820 0.00013105
4830 0.00012552
4840 0.000140493
4850 0.00013836
4860 0.000133202
4870 0.000123386
4880 0.000160247
4890 0.000125978
4900 0.000127955
4910 0.000129076
4920 0.000125789
4930 0.0001249
4940 0.000126159
4950 0.000125364
4960 0.000126143
4970 0.00012833
4980 0.000132494
4990 0.000130746
5000 0.000125059
