3.057e-05
2.899e-05
2.96e-05
2.916e-05
2.903e-05
2.894e-05
2.997e-05
2.966e-05
2.996e-05
3.447e-05
3.098e-05
3.057e-05
3.123e-05
3.124e-05
3.14e-05
3.089e-05
3.132e-05
3.102e-05
3.11e-05
3.163e-05
3.179e-05
3.194e-05
3.188e-05
3.234e-05
3.238e-05
3.483e-05
3.294e-05
4.601e-05
3.381e-05
3.412e-05
3.422e-05
3.433e-05
3.433e-05
3.468e-05
3.42e-05
5.111e-05
3.489e-05
3.464e-05
3.455e-05
3.547e-05
3.54e-05
0.00010863
3.635e-05
3.537e-05
3.573e-05
3.619e-05
3.625e-05
3.61e-05
3.588e-05
3.647e-05
3.707e-05
3.663e-05
3.704e-05
3.764e-05
3.765e-05
3.71e-05
3.75e-05
3.743e-05
3.815e-05
3.842e-05
3.825e-05
3.803e-05
3.856e-05
3.913e-05
3.892e-05
3.913e-05
3.931e-05
4.425e-05
3.987e-05
3.947e-05
3.95e-05
3.969e-05
6.8e-05
4.08e-05
5.259e-05
4.081e-05
4.034e-05
4.097e-05
4.174e-05
4.784e-05
4.089e-05
4.484e-05
4.582e-05
4.112e-05
4.143e-05
4.216e-05
4.241e-05
4.193e-05
4.24e-05
4.27e-05
4.411e-05
4.333e-05
4.32e-05
4.325e-05
4.186e-05
4.306e-05
4.378e-05
4.37e-05
4.356e-05
4.355e-05
4.382e-05
5.476e-05
4.42e-05
4.471e-05
4.459e-05
4.46e-05
4.527e-05
0.00023242
4.5e-05
5.745e-05
4.555e-05
4.696e-05
4.705e-05
4.458e-05
4.634e-05
4.625e-05
4.596e-05
4.688e-05
4.676e-05
5.252e-05
5.591e-05
4.721e-05
4.728e-05
4.784e-05
5.129e-05
4.84e-05
5.106e-05
4.598e-05
4.811e-05
4.836e-05
4.854e-05
4.972e-05
4.896e-05
4.889e-05
4.938e-05
4.888e-05
4.806e-05
4.766e-05
4.857e-05
4.845e-05
4.874e-05
4.897e-05
5.013e-05
5.501e-05
5.05e-05
5.05e-05
4.951e-05
5.855e-05
5.097e-05
5.1e-05
9.416e-05
5.147e-05
0.00010148
4.99e-05
5.035e-05
5.524e-05
5.167e-05
5.295e-05
5.205e-05
5.697e-05
5.274e-05
5.328e-05
5.279e-05
5.369e-05
5.367e-05
5.314e-05
5.366e-05
5.411e-05
5.442e-05
9.087e-05
5.414e-05
5.479e-05
5.462e-05
5.371e-05
5.534e-05
5.565e-05
7.26e-05
6.248e-05
5.586e-05
5.528e-05
5.621e-05
5.631e-05
5.591e-05
9.091e-05
5.689e-05
5.697e-05
5.672e-05
5.682e-05
5.698e-05
5.762e-05
5.707e-05
5.819e-05
6.261e-05
5.791e-05
7.297e-05
5.653e-05
5.848e-05
5.853e-05
5.835e-05
5.841e-05
5.909e-05
5.91e-05
5.863e-05
5.966e-05
5.894e-05
6.019e-05
5.963e-05
6.037e-05
5.953e-05
6.033e-05
6.044e-05
6.024e-05
6.207e-05
6.128e-05
6.073e-05
6.073e-05
6.099e-05
0.00010537
6.115e-05
6.116e-05
5.986e-05
7.677e-05
6.015e-05
6.268e-05
6.243e-05
6.278e-05
6.3e-05
6.304e-05
7.483e-05
6.331e-05
6.312e-05
6.371e-05
6.349e-05
6.395e-05
6.433e-05
6.399e-05
6.434e-05
6.181e-05
6.199e-05
7.047e-05
9.844e-05
6.299e-05
7.984e-05
6.486e-05
6.482e-05
6.51e-05
6.533e-05
6.542e-05
6.575e-05
6.564e-05
6.616e-05
6.646e-05
6.615e-05
6.686e-05
6.691e-05
6.658e-05
6.651e-05
6.735e-05
6.695e-05
6.772e-05
6.778e-05
7.805e-05
6.918e-05
6.76e-05
6.781e-05
6.8e-05
6.841e-05
6.872e-05
6.866e-05
6.853e-05
6.889e-05
7.034e-05
6.988e-05
6.889e-05
6.99e-05
0.00019414
6.766e-05
8.892e-05
6.791e-05
7.022e-05
7.041e-05
6.859e-05
0.00014949
0.00013929
0.00011285
7.616e-05
7.181e-05
7.148e-05
7.149e-05
7.211e-05
7.23e-05
7.245e-05
7.536e-05
7.011e-05
7.332e-05
7.232e-05
7.309e-05
7.3e-05
8.528e-05
7.322e-05
7.384e-05
8.419e-05
9.268e-05
7.383e-05
7.412e-05
7.413e-05
7.396e-05
7.457e-05
0.00010101
7.592e-05
7.516e-05
7.524e-05
7.536e-05
7.52e-05
7.592e-05
7.586e-05
7.619e-05
7.574e-05
7.65e-05
7.645e-05
7.661e-05
7.67e-05
7.737e-05
7.707e-05
7.681e-05
7.714e-05
7.759e-05
7.769e-05
9.902e-05
7.775e-05
7.831e-05
7.784e-05
7.85e-05
7.845e-05
7.841e-05
7.856e-05
7.881e-05
9.205e-05
7.934e-05
7.933e-05
0.0001833
8.116e-05
7.987e-05
7.979e-05
7.962e-05
7.969e-05
8.531e-05
7.812e-05
8.097e-05
0.00010455
8.075e-05
0.00011998
8.08e-05
8.14e-05
8.128e-05
8.15e-05
8.203e-05
8.156e-05
8.234e-05
8.164e-05
8.233e-05
8.27e-05
8.296e-05
9.271e-05
8.314e-05
8.307e-05
8.352e-05
8.35e-05
8.316e-05
8.395e-05
9.457e-05
8.348e-05
8.109e-05
8.145e-05
8.379e-05
8.429e-05
8.442e-05
8.429e-05
8.453e-05
8.489e-05
8.861e-05
8.522e-05
8.578e-05
8.577e-05
8.577e-05
0.00012325
8.72e-05
8.645e-05
0.00010368
0.00010202
8.623e-05
8.702e-05
8.743e-05
8.72e-05
8.75e-05
8.783e-05
8.717e-05
8.786e-05
8.821e-05
8.774e-05
8.762e-05
8.833e-05
8.863e-05
9.325e-05
8.84e-05
8.946e-05
9.627e-05
9.652e-05
8.891e-05
8.918e-05
8.912e-05
8.94e-05
9e-05
8.991e-05
8.968e-05
9.011e-05
9.068e-05
9.034e-05
9.089e-05
9.048e-05
9.083e-05
9.182e-05
9.193e-05
9.138e-05
9.18e-05
9.169e-05
9.232e-05
9.159e-05
9.202e-05
9.211e-05
9.286e-05
9.215e-05
9.855e-05
9.281e-05
9.316e-05
9.315e-05
9.35e-05
9.342e-05
9.354e-05
9.431e-05
9.388e-05
9.395e-05
9.608e-05
9.39e-05
9.463e-05
9.487e-05
9.493e-05
9.514e-05
9.524e-05
9.565e-05
9.517e-05
9.575e-05
9.565e-05
9.587e-05
9.603e-05
9.585e-05
9.673e-05
9.65e-05
9.635e-05
9.715e-05
9.717e-05
9.763e-05
9.695e-05
9.757e-05
0.00010678
9.811e-05
0.00013229
0.00022984
0.00010165
9.52e-05
0.00010352
9.876e-05
9.887e-05
9.891e-05
9.927e-05
9.917e-05
9.904e-05
9.975e-05
9.989e-05
9.96e-05
9.948e-05
0.00013461
0.00010054
9.993e-05
0.00010014
0.00010043
0.00010044
0.00010097
0.00010871
0.00010139
0.000101
0.000102
0.000101
0.00010197
0.00010889
0.00010254
0.00012949
0.00010244
0.00011521
0.00010295
0.00010232
0.00010594
0.00010258
0.00011727
0.00010309
0.00010374
0.00010406
0.00010401
0.00011985
0.00010394
0.00010418
0.00010475
0.00010412
0.00010413
0.00010593
0.00014983
0.00013501
0.00010516
0.00010515
0.00025467
0.00012236
0.00010685
0.00010586
0.0001181
0.00010631
0.00010649
0.00010618
0.00010621
0.0001071
0.00010685
0.00010687
0.00010719
0.00010737
0.00010778
0.00011967
0.00010735
0.00010776
0.00010817
0.0001083
0.00012652
0.00010835
0.00010534
0.0001151
0.00010865
0.0001129
0.00011095
0.00010954
0.00012031
0.00012437
0.00010975
0.00011049
0.0001098
0.00010994
0.00011726
0.00011121
0.00011116
0.00011066
0.00011132
0.00011254
0.00011141
0.00011162
0.00012173
0.00011192
0.00011433
0.00013611
0.00011266
0.00011279
0.00011285
0.0001186
0.00011361
0.00013409
0.00011314
0.00011606
0.00011009
0.00011949
0.00011909
0.00013444
0.00011425
0.00011434
0.00011134
0.00012287
0.00011545
0.00011546
0.00011456
0.00011707
0.0001155
0.00011571
0.00011225
0.00012737
0.00011586
0.0001157
0.00011654
0.00011646
0.00013717
0.00011622
0.00011648
0.00014058
0.00011719
0.00012393
0.00014549
0.00014125
0.00011733
0.00011803
0.00011439
0.00011777
0.00014182
0.00012482
0.00016035
0.00011879
0.0001422
0.00011836
0.00011947
0.00011888
0.00011974
0.00012006
0.00011941
0.00011966
0.00014508
0.00011982
0.00013214
0.00012012
0.00012107
0.00015281
0.00013121
0.00012139
0.00012087
0.00013217
0.00012212
0.0001212
0.00013739
0.00012556
0.00012202
0.0001226
0.00011838
0.00014092
0.00025676
0.00012279
0.0001325
0.0001317
0.00014243
0.00013079
0.00012412
0.00012394
0.00012972
0.00012399
0.00012432
0.00012422
0.00012489
0.00013043
0.00017717
0.00012526
0.00012503
0.0001256
0.0001252
0.00012524
0.00012548
0.00012631
0.00012574
0.00012631
0.00012652
0.00012706
0.00012647
0.00013594
0.000127
0.00012699
0.00014073
0.00012709
0.00015824
0.00017342
0.00022151
0.00012808
0.00013268
0.00012838
0.00012767
0.00012847
0.00013916
0.00012884
0.00012942
0.00013572
0.00013033
0.00012933
0.00012972
0.00012994
0.00016456
0.00012936
0.00012962
0.00013002
0.00013055
0.00013027
0.00012993
0.00013081
0.00013123
0.00013154
0.00013125
0.00013159
0.00014315
0.00013161
0.0001317
0.00013168
0.00013178
0.00013183
0.00013261
0.00013282
0.0001323
0.000138
0.00013279
0.00013301
0.00013351
0.00013377
0.00013306
0.00019165
0.00013363
0.00013344
0.00014214
0.00013448
0.00013441
0.00013422
0.00013702
0.00013532
0.00013768
0.00013533
0.00020135
0.00014012
0.0001358
0.00013619
0.00013555
0.00013581
0.00015082
0.00014697
0.00014458
0.00013704
0.00013652
0.00013643
0.0001368
0.0001373
0.00013884
0.00013769
0.00014311
0.00013786
0.00015337
0.0001386
0.00014615
0.00013817
0.00013858
0.0001387
0.00013876
0.00015999
0.00015351
0.00013956
0.0001391
0.00013925
0.00014004
0.00013977
0.00014039
0.00014039
0.00014064
0.0001422
0.00015868
0.00014091
0.00014049
0.0001414
0.00014176
0.00014156
0.00014215
0.00014197
0.00014252
0.00016531
0.00014176
0.00016314
0.00014297
0.00021425
0.00014446
0.00018701
0.0001426
0.00019342
0.00014323
0.00014321
0.00014307
0.00014337
0.00019506
0.00014391
0.00014393
0.00014675
0.0001444
0.00016458
0.00015569
0.00014444
0.00015686
0.00016096
0.00014487
0.00014577
0.00014732
0.00014575
0.00016313
0.00014737
0.00014605
0.00014603
0.00014918
0.00014631
0.00014688
0.0001467
0.00014712
0.00014748
0.00014726
0.00021061
0.00015202
0.00014755
0.0001479
0.00016312
0.00014789
0.00014952
0.00016515
0.00014878
0.00017385
0.00014402
0.00014405
0.00014485
0.00014516
0.00015073
0.00014798
0.00015052
0.00018158
0.00015493
0.00015074
0.00015575
0.00018881
0.00015527
0.00020977
0.00015131
0.00015099
0.0002506
0.0001515
0.00015873
0.0001812
0.0001515
0.00015155
0.00016109
0.00015266
0.00017778
0.00016542
0.0001531
0.0001534
0.00015264
0.00015328
0.00016955
0.00014881
0.00015837
0.00015347
0.00015451
0.000154
0.00015387
0.00015484
0.00015489
0.00017767
0.00015604
0.00015547
0.00015511
0.00015513
0.00015508
0.00015556
0.00016165
0.00015563
0.00015617
0.00015647
0.00016608
0.00015661
0.00015672
0.00015701
0.00016275
0.00017082
0.00015741
0.00015789
0.00015829
0.00023453
0.00016228
0.00019173
0.00017837
0.00016902
0.00015875
0.00015889
0.00015916
0.00024098
0.00015863
0.000181
0.00016073
0.00015923
0.00023088
0.00015993
0.0001599
0.0001605
0.00015986
0.00016034
0.00016935
0.000264
0.00016133
0.00016492
0.00017577
0.00017846
0.0001613
0.00016152
0.00016328
0.00015685
0.00016218
0.00017894
0.00016171
0.00016215
0.00016264
0.00016758
0.00016624
0.00016325
0.0001635
0.00016322
0.00019173
0.00016367
0.00017566
0.00015821
0.00016389
0.00016437
0.00020652
0.00018213
0.0001662
0.00021298
0.00016473
0.00016851
0.00016472
0.00016538
0.00016587
0.00016555
0.00016891
0.00016037
0.00016097
0.00017183
0.00016659
0.00016651
0.00016672
0.00017783
0.00020884
0.00016729
0.00016718
0.00016764
0.00016713
0.00016814
0.00016865
0.00017413
0.00016774
0.00016816
0.00016817
0.00016839
0.00017391
0.00020433
0.00018385
0.00016899
0.00016924
0.00016959
0.00017005
0.00016938
0.00016982
0.00016958
0.0001702
0.00017065
0.00017084
0.00017078
0.00018019
0.00020791
0.00018715
0.00026879
0.00017121
0.00017214
0.00017206
0.00017211
0.00017162
0.00022222
0.00018016
0.00017247
0.00018668
0.00018158
0.00017296
0.00017256
0.00017359
0.00017329
0.0001741
0.00017401
0.00017376
0.0001736
0.00031088
0.00017387
0.00016842
0.000197
0.00017498
0.00017435
0.00017487
0.00017449
0.00023053
0.00017502
0.0001755
0.00018272
